building sequences …
leakage checks passed — 718/154/155 disjoint batteries in train/val/test
  train  47718 windows |  718 batteries | censored 54.4% | RUL days      0–   717
  val     9916 windows |  154 batteries | censored 55.2% | RUL days      0–   708
  test   10480 windows |  155 batteries | censored 54.4% | RUL days      0–   690
  24 features, 30-day windows

device cuda | 627,459 parameters

 ep     train   val MAE  val RMSE   val R2  PICP95   cens     s
  1   -0.4722      81.9     101.9    0.451   0.982  0.592 106.4
  2   -0.7487      80.0      99.3    0.479   0.980  0.641 106.3
  3   -0.8342      78.5      99.4    0.478   0.959  0.659 106.3
  4   -0.9165      85.3     109.2    0.370   0.944  0.709 106.3
  5   -0.9664      80.7     104.1    0.427   0.949  0.669 106.2
  6   -1.0530      80.3     104.7    0.421   0.877  0.663 106.3
  7   -1.0930      81.3     104.5    0.423   0.908  0.696 106.0
  8   -1.1421      82.6     108.6    0.377   0.887  0.629 104.4
  9   -1.2005      84.1     111.4    0.344   0.806  0.650 103.6
 10   -1.2201      84.0     107.6    0.388   0.899  0.665 102.7
 11   -1.2998      78.5     101.8    0.453   0.853  0.645 102.7
 12   -1.3525      82.4     103.8    0.430   0.839  0.632 102.8
 13   -1.3416      77.4     101.5    0.456   0.697  0.618 102.7
 14   -1.4501      81.9     106.7    0.399   0.776  0.527 102.7
 15   -1.5189      82.3     106.0    0.406   0.680  0.645 102.8
 16   -1.5533      80.7     105.7    0.409   0.742  0.638 102.8
 17   -1.6405      78.4     102.1    0.449   0.705  0.581 102.7
 18   -1.7144      78.5     102.6    0.444   0.656  0.590 102.7
 19   -1.7969      82.3     107.1    0.393   0.637  0.620 102.7
 20   -1.7848      82.8     108.1    0.382   0.563  0.663 103.8
 21   -1.8575      82.7     107.9    0.385   0.551  0.650 106.3
 22   -1.8899      79.6     106.2    0.404   0.669  0.622 106.0
 23   -1.8865      78.7     104.0    0.429   0.625  0.606 106.1
 24   -1.9506      80.4     106.3    0.403   0.575  0.642 106.4
 25   -2.0443      77.4     102.3    0.447   0.554  0.603 106.3
early stop — no improvement for 12 epochs

best epoch 13 (val MAE 77.4 d)

====================================================================
HELD-OUT TEST — batteries never seen in training or validation
====================================================================
  n_observed           4774
  mae_days             83.2897
  rmse_days            106.3016
  bias_days            -5.2578
  r2                   0.4527
  censored_respect     0.5913
  picp_95              0.6271
  mean_sigma_days      48.7055

  baseline (train mean) 121.4 d MAE
  improvement          31.4%

saved /home/dikshant/mamba_rul_project/lead_acid_rul/checkpoint_lead_acid.pt
